$ 1 0.000005 10.20027730826997 50 5 50 5e-11
w -144 -112 -144 -48 0
I -32 -112 -32 -48 0 0.5 5
w -64 -112 -32 -112 0
w -64 -112 -64 -48 0
I 48 -112 48 -48 0 0.5 5
w 16 -112 48 -112 0
w 16 -112 16 -48 0
I 128 -112 128 -48 0 0.5 5
w 96 -112 128 -112 0
w 96 -112 96 -48 0
150 160 -16 240 -16 0 2 0 5
150 160 48 240 48 0 2 0 5
152 288 0 368 0 0 4 0 5
w 240 -16 256 -16 0
w 256 -16 256 -32 0
w 256 -32 288 -32 0
w 240 48 240 0 0
w 240 0 272 0 0
w 272 0 272 -16 0
w 272 -16 288 -16 0
207 -144 -112 -144 -144 4 A
207 -64 -112 -64 -144 4 B
207 16 -112 16 -144 4 C
207 96 -112 96 -144 4 D
w -64 -48 -64 -32 0
w -64 -32 160 -32 0
w 96 -48 96 0 0
w 96 0 160 0 0
w 128 -48 128 32 0
w 128 32 160 32 0
w -32 -48 -32 64 0
w -32 64 160 64 0
w -144 -48 -144 16 0
w -144 16 288 16 0
w 16 -48 16 32 0
w 16 32 288 32 0
150 160 128 240 128 0 2 0 5
150 160 192 240 192 0 2 0 5
w 48 -48 48 112 0
w 48 112 160 112 0
w 128 32 128 144 0
w 128 144 160 144 0
w 96 0 96 176 0
w 96 176 160 176 0
w 16 32 16 208 0
w 16 208 160 208 0
152 288 160 368 160 0 3 0 5
w -32 64 -32 160 0
w -32 160 288 160 0
w 240 128 256 128 0
w 256 128 256 144 0
w 256 144 288 144 0
w 240 192 256 192 0
w 256 192 256 176 0
w 256 176 288 176 0
152 288 256 368 256 0 3 0 5
w -64 -32 -64 240 0
w -64 240 288 240 0
w 48 112 48 256 0
w 48 256 288 256 0
w 96 176 96 272 0
w 96 272 288 272 0
150 160 320 240 320 0 2 0 5
150 160 384 240 384 0 2 0 5
152 336 352 416 352 0 5 0 5
w 16 208 16 304 0
w 16 304 160 304 0
w 128 144 128 336 0
w 128 336 160 336 0
w -32 160 -32 368 0
w -32 368 160 368 0
w 16 304 16 400 0
w 16 400 160 400 0
w 272 0 272 336 0
w 272 336 336 336 0
w -144 16 -144 352 0
w 304 320 336 320 0
w 240 384 336 384 0
w -144 352 336 352 0
150 160 512 240 512 0 2 0 5
150 240 448 320 448 0 2 0 5
150 160 576 240 576 0 2 0 5
w 96 272 96 432 0
w 96 432 240 432 0
w 48 256 48 496 0
w 48 496 160 496 0
w -64 240 -64 528 0
w -64 528 160 528 0
w 240 512 240 464 0
w 320 448 320 368 0
w 320 368 336 368 0
w -64 528 -64 560 0
w -64 560 160 560 0
w 128 336 128 592 0
w 128 592 160 592 0
152 336 512 416 512 0 2 0 5
w 272 336 272 496 0
w 272 496 336 496 0
w 304 320 240 320 0
w 304 320 304 528 0
w 304 528 336 528 0
152 608 432 688 432 0 4 0 5
w 240 128 240 80 0
w 240 80 528 80 0
w 528 80 528 400 0
w 528 400 608 400 0
w 240 512 272 512 0
w 272 512 272 560 0
w 272 560 528 560 0
w 528 560 528 416 0
w 528 416 608 416 0
w 240 576 560 576 0
w 560 576 560 448 0
w 560 448 608 448 0
w -144 352 -144 464 0
w -144 464 608 464 0
152 608 272 704 272 0 4 0 5
w 304 528 304 608 0
w 304 608 480 608 0
w 272 560 272 624 0
w 272 624 480 624 0
w -144 464 -144 672 0
w -144 672 480 672 0
w 240 384 240 400 0
w 240 400 432 400 0
w 432 400 432 656 0
w 432 656 480 656 0
207 368 0 464 0 4 a
207 368 160 496 160 4 b
207 368 256 496 256 4 c
207 416 352 752 352 4 d
207 688 432 768 432 4 f
207 416 512 768 512 4 e
w 480 608 576 608 0
w 576 608 576 240 0
w 576 240 608 240 0
w 480 624 544 624 0
w 544 624 544 256 0
w 544 256 608 256 0
w 480 656 560 656 0
w 560 656 560 288 0
w 560 288 608 288 0
w 480 672 480 304 0
w 480 304 608 304 0
207 704 272 752 272 4 g
