$ 1 0.000005 4.818269829109882 50 5 50 5e-11
156 64 144 96 144 2 0
156 208 144 224 144 2 0
156 336 144 368 144 2 0
156 480 144 512 144 2 0
w 64 144 48 144 0
w 48 144 48 208 0
w 48 208 64 208 0
w 48 144 48 80 0
w 48 80 192 80 0
w 192 80 320 80 0
w 192 80 192 144 0
w 192 144 192 208 0
w 192 208 208 208 0
w 192 144 208 144 0
w 320 144 336 144 0
w 320 80 320 144 0
w 320 144 320 208 0
w 320 208 336 208 0
w 320 80 464 80 0
w 464 80 464 144 0
w 464 144 464 208 0
w 464 208 480 208 0
w 464 144 480 144 0
w 160 144 176 144 0
w 176 144 176 176 0
w 176 176 208 176 0
w 320 176 336 176 0
w 304 144 320 176 0
w 432 144 464 176 0
w 464 176 480 176 0
207 64 176 16 176 4 CLK
w 176 96 176 144 0
w 304 96 304 144 0
w 432 96 432 144 0
w 576 96 576 144 0
w 304 96 352 96 0
w 352 96 352 16 0
w 352 16 624 16 0
w 624 16 624 368 0
w 624 368 544 368 0
w 608 96 608 400 0
w 608 400 544 400 0
w 464 384 448 384 0
w 448 384 448 272 0
w 448 272 592 272 0
w 448 272 320 272 0
w 320 272 176 272 0
w 320 272 304 176 0
w 176 272 160 176 0
w 592 272 576 176 0
w 448 272 432 176 0
L 48 80 0 80 0 1 false 5 0
150 544 384 464 384 0 2 0 5
207 176 96 176 16 4 Q0
207 304 96 304 16 4 Q1
207 432 96 432 16 4 Q2
207 576 96 576 16 4 Q3
M 160 208 160 320 0 2.5
M 304 208 304 320 0 2.5
M 432 208 432 320 0 2.5
M 576 208 576 320 0 2.5
w 432 96 608 96 0
